REMARK 300 SEE REMARK 350 FOR THE AUTHOR PROVIDED AND/OR PROGRAM                
REMARK 350                                                                      
REMARK 350 COORDINATES FOR A COMPLETE MULTIMER REPRESENTING THE KNOWN           
REMARK 350 BIOLOGICALLY SIGNIFICANT OLIGOMERIZATION STATE OF THE                
REMARK 350 MOLECULE CAN BE GENERATED BY APPLYING BIOMT TRANSFORMATIONS          
REMARK 350 GIVEN BELOW.  BOTH NON-CRYSTALLOGRAPHIC AND                          
REMARK 350 CRYSTALLOGRAPHIC OPERATIONS ARE GIVEN.                               
REMARK 350                                                                      
REMARK 350 BIOMOLECULE: 1                                                       
REMARK 350 AUTHOR DETERMINED BIOLOGICAL UNIT: HEXAMERIC                         
REMARK 350 APPLY THE FOLLOWING TO CHAINS: A                                     
REMARK 350   BIOMT1   1  1.000000  0.000000  0.000000        0.00000            
REMARK 350   BIOMT2   1  0.000000  1.000000  0.000000        0.00000            
REMARK 350   BIOMT3   1  0.000000  0.000000  1.000000        0.00000            
REMARK 350   BIOMT1   2 -0.500000  0.866025  0.000000       55.48500            
REMARK 350   BIOMT2   2 -0.866025 -0.500000  0.000000       96.10284            
REMARK 350   BIOMT3   2  0.000000  0.000000  1.000000        0.00000            
REMARK 350   BIOMT1   3 -0.500000 -0.866025  0.000000      110.97000            
REMARK 350   BIOMT2   3  0.866025 -0.500000  0.000000        0.00000            
REMARK 350   BIOMT3   3  0.000000  0.000000  1.000000        0.00000            
REMARK 350   BIOMT1   4  0.500000 -0.866025  0.000000       55.48500            
REMARK 350   BIOMT2   4 -0.866025 -0.500000  0.000000       96.10284            
REMARK 350   BIOMT3   4  0.000000  0.000000 -1.000000       31.23500            
REMARK 350   BIOMT1   5 -1.000000  0.000000  0.000000      110.97000            
REMARK 350   BIOMT2   5  0.000000  1.000000  0.000000        0.00000            
REMARK 350   BIOMT3   5  0.000000  0.000000 -1.000000       31.23500            
REMARK 350   BIOMT1   6  0.500000  0.866025  0.000000        0.00000            
REMARK 350   BIOMT2   6  0.866025 -0.500000  0.000000        0.00000            
REMARK 350   BIOMT3   6  0.000000  0.000000 -1.000000       31.23500            
